gcc -o main main.c -lglut -lGL -lm -lGLU -lstdc++

-lstdc++ for iostream
http://kiwwito.com/installing-opengl-glut-libraries-in-ubuntu/

int mazeFormat2 [][] = {
                            {1,1,1,1,1,1,0,1,1,1,1,1,1,1,1,1,1},
                            {1,0,0,0,0,0,0,0,1,0,0,0,0,0,0,0,1},
                            {1,0,1,1,1,1,1,0,1,0,1,1,1,1,1,1,1},
                            {1,0,1,0,0,0,1,0,1,0,0,0,0,0,0,0,1},
                            {1,0,0,0,1,0,1,1,1,1,1,1,1,1,1,0,1},
                            {1,0,0,0,1,0,1,1,1,1,1,1,1,1,1,0,1},
                            {1,1,1,1,1,0,1,0,0,0,0,1,0,0,0,0,1},
                            {1,0,0,0,0,0,1,0,1,1,0,1,1,0,1,0,1},
                            {1,0,1,1,1,0,0,0,1,0,0,0,0,0,1,0,1},
                            {1,0,0,0,1,1,1,1,1,1,1,1,1,1,1,0,1},
                            {1,1,1,0,1,0,0,0,0,0,0,1,0,0,1,0,1},
                            {1,0,0,0,1,0,1,1,1,0,1,1,0,1,1,0,1},
                            {1,0,1,1,1,0,1,0,0,0,1,0,0,0,1,0,1},
                            {1,0,0,0,0,0,1,1,1,1,1,1,1,1,1,0,1},
                            {1,1,1,1,0,1,1,0,0,0,1,0,0,0,0,0,1},
                            {1,0,1,0,0,0,0,0,1,1,1,1,1,0,1,1,1},
                            {1,0,0,0,1,0,1,0,1,0,0,0,0,0,0,0,1},
                            {1,1,1,1,1,1,1,1,1,0,1,1,1,1,1,1,1}
                          };
